term,freq,idf,logidf,tfidf,logtfidf,scaled_tfidf
trust,37,139.0,4.93447393313,5143.0,182.575535526,1.70750332005
nicki,10,139.0,4.93447393313,1390.0,49.3447393313,0.461487383798
joy,9,139.0,4.93447393313,1251.0,44.4102653982,0.415338645418
delight,8,139.0,4.93447393313,1112.0,39.475791465,0.369189907039
lord,18,55.6,4.01818320126,1000.8,72.3272976227,0.332270916335
let,7,139.0,4.93447393313,973.0,34.5413175319,0.323041168659
larri,7,139.0,4.93447393313,973.0,34.5413175319,0.323041168659
god,28,32.0769230769,3.46813686434,898.153846153,97.1078322015,0.298191847992
christ,8,104.25,4.64679186068,834.0,37.1743348854,0.276892430279
knew,6,139.0,4.93447393313,834.0,29.6068435988,0.276892430279
get,6,139.0,4.93447393313,834.0,29.6068435988,0.276892430279
cruz,6,139.0,4.93447393313,834.0,29.6068435988,0.276892430279
got,6,139.0,4.93447393313,834.0,29.6068435988,0.276892430279
dont,6,139.0,4.93447393313,834.0,29.6068435988,0.276892430279
deliv,8,92.6666666667,4.52900882502,741.333333334,36.2320706002,0.246126604692
wilkerson,5,139.0,4.93447393313,695.0,24.6723696657,0.230743691899
righteous,5,139.0,4.93447393313,695.0,24.6723696657,0.230743691899
etern,5,139.0,4.93447393313,695.0,24.6723696657,0.230743691899
evil,5,139.0,4.93447393313,695.0,24.6723696657,0.230743691899
anyon,5,139.0,4.93447393313,695.0,24.6723696657,0.230743691899
money,6,92.6666666667,4.52900882502,556.0,27.1740529501,0.184594953519
happen,4,139.0,4.93447393313,556.0,19.7378957325,0.184594953519
preacher,4,139.0,4.93447393313,556.0,19.7378957325,0.184594953519
told,4,139.0,4.93447393313,556.0,19.7378957325,0.184594953519
lawyer,4,139.0,4.93447393313,556.0,19.7378957325,0.184594953519
car,4,139.0,4.93447393313,556.0,19.7378957325,0.184594953519
noah,4,139.0,4.93447393313,556.0,19.7378957325,0.184594953519
gang,4,139.0,4.93447393313,556.0,19.7378957325,0.184594953519
heart,12,46.3333333333,3.83586164446,556.0,46.0303397335,0.184594953519
must,9,59.5714285714,4.08717607274,536.142857143,36.7845846547,0.178002276608
will,17,30.8888888889,3.43039653635,525.111111111,58.316741118,0.174339678324
mind,4,119.142857143,4.7803232533,476.571428572,19.1212930132,0.158224245874
ill,5,83.4,4.42364830936,417.0,22.1182415468,0.138446215139
leap,3,139.0,4.93447393313,417.0,14.8034217994,0.138446215139
sin,3,139.0,4.93447393313,417.0,14.8034217994,0.138446215139
cor,3,139.0,4.93447393313,417.0,14.8034217994,0.138446215139
hilt,3,139.0,4.93447393313,417.0,14.8034217994,0.138446215139
noth,3,139.0,4.93447393313,417.0,14.8034217994,0.138446215139
wrong,3,139.0,4.93447393313,417.0,14.8034217994,0.138446215139
preach,3,139.0,4.93447393313,417.0,14.8034217994,0.138446215139
orchestra,3,139.0,4.93447393313,417.0,14.8034217994,0.138446215139
hope,3,139.0,4.93447393313,417.0,14.8034217994,0.138446215139
survivor,3,139.0,4.93447393313,417.0,14.8034217994,0.138446215139
crimin,3,139.0,4.93447393313,417.0,14.8034217994,0.138446215139
tire,3,139.0,4.93447393313,417.0,14.8034217994,0.138446215139
switchblad,3,139.0,4.93447393313,417.0,14.8034217994,0.138446215139
whi,3,139.0,4.93447393313,417.0,14.8034217994,0.138446215139
distrust,3,139.0,4.93447393313,417.0,14.8034217994,0.138446215139
save,3,139.0,4.93447393313,417.0,14.8034217994,0.138446215139
els,3,139.0,4.93447393313,417.0,14.8034217994,0.138446215139
cant,3,139.0,4.93447393313,417.0,14.8034217994,0.138446215139
sudden,3,139.0,4.93447393313,417.0,14.8034217994,0.138446215139
faith,8,52.125,3.95364468012,417.0,31.629157441,0.138446215139
judg,3,139.0,4.93447393313,417.0,14.8034217994,0.138446215139
talk,3,139.0,4.93447393313,417.0,14.8034217994,0.138446215139
don,3,139.0,4.93447393313,417.0,14.8034217994,0.138446215139
stay,3,139.0,4.93447393313,417.0,14.8034217994,0.138446215139
shreveport,3,139.0,4.93447393313,417.0,14.8034217994,0.138446215139
heaven,3,139.0,4.93447393313,417.0,14.8034217994,0.138446215139
happi,3,139.0,4.93447393313,417.0,14.8034217994,0.138446215139
put,5,75.8181818182,4.32833812956,379.090909091,21.6416906478,0.125860195581
too,3,119.142857143,4.7803232533,357.428571429,14.3409697599,0.118668184405
someth,3,104.25,4.64679186068,312.75,13.940375582,0.103834661355
could,9,32.0769230769,3.46813686434,288.692307692,31.2132317791,0.0958473797119
charg,3,92.6666666667,4.52900882502,278.0,13.5870264751,0.0922974767597
tina,2,139.0,4.93447393313,278.0,9.86894786626,0.0922974767596
tri,2,139.0,4.93447393313,278.0,9.86894786626,0.0922974767596
guest,2,139.0,4.93447393313,278.0,9.86894786626,0.0922974767596
iowa,2,139.0,4.93447393313,278.0,9.86894786626,0.0922974767596
sure,2,139.0,4.93447393313,278.0,9.86894786626,0.0922974767596
realiz,2,139.0,4.93447393313,278.0,9.86894786626,0.0922974767596
ark,2,139.0,4.93447393313,278.0,9.86894786626,0.0922974767596
realli,2,139.0,4.93447393313,278.0,9.86894786626,0.0922974767596
ask,2,139.0,4.93447393313,278.0,9.86894786626,0.0922974767596
polic,2,139.0,4.93447393313,278.0,9.86894786626,0.0922974767596
didnt,2,139.0,4.93447393313,278.0,9.86894786626,0.0922974767596
thank,2,139.0,4.93447393313,278.0,9.86894786626,0.0922974767596
betray,2,139.0,4.93447393313,278.0,9.86894786626,0.0922974767596
falter,2,139.0,4.93447393313,278.0,9.86894786626,0.0922974767596
prison,2,139.0,4.93447393313,278.0,9.86894786626,0.0922974767596
philharmon,2,139.0,4.93447393313,278.0,9.86894786626,0.0922974767596
macdonald,2,139.0,4.93447393313,278.0,9.86894786626,0.0922974767596
rescu,2,139.0,4.93447393313,278.0,9.86894786626,0.0922974767596
fraud,2,139.0,4.93447393313,278.0,9.86894786626,0.0922974767596
anybodi,2,139.0,4.93447393313,278.0,9.86894786626,0.0922974767596
temptat,2,139.0,4.93447393313,278.0,9.86894786626,0.0922974767596
acquit,2,139.0,4.93447393313,278.0,9.86894786626,0.0922974767596
good,8,34.75,3.54817957201,278.0,28.3854365761,0.0922974767596
rememb,2,139.0,4.93447393313,278.0,9.86894786626,0.0922974767596
insur,2,139.0,4.93447393313,278.0,9.86894786626,0.0922974767596
andor,2,139.0,4.93447393313,278.0,9.86894786626,0.0922974767596
dollar,2,139.0,4.93447393313,278.0,9.86894786626,0.0922974767596
repli,2,139.0,4.93447393313,278.0,9.86894786626,0.0922974767596
joplin,2,139.0,4.93447393313,278.0,9.86894786626,0.0922974767596
dread,2,139.0,4.93447393313,278.0,9.86894786626,0.0922974767596
deliver,2,139.0,4.93447393313,278.0,9.86894786626,0.0922974767596
shield,2,139.0,4.93447393313,278.0,9.86894786626,0.0922974767596
job,2,139.0,4.93447393313,278.0,9.86894786626,0.0922974767596
circl,2,139.0,4.93447393313,278.0,9.86894786626,0.0922974767596
trustworthi,2,139.0,4.93447393313,278.0,9.86894786626,0.0922974767596
sentenc,2,139.0,4.93447393313,278.0,9.86894786626,0.0922974767596
buy,2,139.0,4.93447393313,278.0,9.86894786626,0.0922974767596
biblic,2,139.0,4.93447393313,278.0,9.86894786626,0.0922974767596
someon,2,139.0,4.93447393313,278.0,9.86894786626,0.0922974767596
passion,2,139.0,4.93447393313,278.0,9.86894786626,0.0922974767596
juri,2,139.0,4.93447393313,278.0,9.86894786626,0.0922974767596
deliveri,2,139.0,4.93447393313,278.0,9.86894786626,0.0922974767596
boat,2,139.0,4.93447393313,278.0,9.86894786626,0.0922974767596
refug,2,139.0,4.93447393313,278.0,9.86894786626,0.0922974767596
toni,2,139.0,4.93447393313,278.0,9.86894786626,0.0922974767596
hed,2,139.0,4.93447393313,278.0,9.86894786626,0.0922974767596
salvat,2,139.0,4.93447393313,278.0,9.86894786626,0.0922974767596
love,4,64.1538461538,4.1612840449,256.615384615,16.6451361796,0.085197670855
fail,3,83.4,4.42364830936,250.2,13.2709449281,0.0830677290837
keep,3,83.4,4.42364830936,250.2,13.2709449281,0.0830677290837
know,3,83.4,4.42364830936,250.2,13.2709449281,0.0830677290837
truth,3,83.4,4.42364830936,250.2,13.2709449281,0.0830677290837
kind,3,83.4,4.42364830936,250.2,13.2709449281,0.0830677290837
woman,2,119.142857143,4.7803232533,238.285714286,9.5606465066,0.0791121229369
want,2,119.142857143,4.7803232533,238.285714286,9.5606465066,0.0791121229369
contest,2,119.142857143,4.7803232533,238.285714286,9.5606465066,0.0791121229369
true,4,59.5714285714,4.08717607274,238.285714286,16.348704291,0.0791121229368
learn,3,75.8181818182,4.32833812956,227.454545455,12.9850143887,0.0755161173488
what,19,11.7464788732,2.46355352532,223.183098591,46.8075169811,0.0740979742997
find,4,55.6,4.01818320126,222.4,16.072732805,0.0738379814077
never,9,24.5294117647,3.19987287774,220.764705882,28.7988558997,0.0732950550738
dog,2,104.25,4.64679186068,208.5,9.29358372136,0.0692231075697
strength,2,104.25,4.64679186068,208.5,9.29358372136,0.0692231075697
thing,3,69.5,4.24132675257,208.5,12.7239802577,0.0692231075697
night,2,104.25,4.64679186068,208.5,9.29358372136,0.0692231075697
said,5,41.7,3.7305011288,208.5,18.652505644,0.0692231075697
david,5,39.7142857143,3.68171096464,198.571428571,18.4085548232,0.065926769114
cross,4,49.0588235294,3.8930200583,196.235294118,15.5720802332,0.0651511600656
themselv,3,64.1538461538,4.1612840449,192.461538461,12.4838521347,0.0638982531412
think,3,64.1538461538,4.1612840449,192.461538461,12.4838521347,0.0638982531412
care,2,92.6666666667,4.52900882502,185.333333333,9.05801765004,0.0615316511731
reput,2,92.6666666667,4.52900882502,185.333333333,9.05801765004,0.0615316511731
street,3,59.5714285714,4.08717607274,178.714285714,12.2615282182,0.0593340922026
life,18,9.81176470588,2.28358214587,176.611764706,41.1044786257,0.058636044059
help,8,21.9473684211,3.08864724263,175.578947369,24.709177941,0.0582931432167
how,4,43.8947368421,3.78179442319,175.578947368,15.1271776928,0.0582931432166
look,2,83.4,4.42364830936,166.8,8.84729661872,0.0553784860558
farm,2,83.4,4.42364830936,166.8,8.84729661872,0.0553784860558
man,6,27.8,3.3250360207,166.8,19.9502161242,0.0553784860558
bring,2,83.4,4.42364830936,166.8,8.84729661872,0.0553784860558
matter,5,32.0769230769,3.46813686434,160.384615385,17.3406843217,0.0532485442844
conduct,3,52.125,3.95364468012,156.375,11.8609340404,0.0519173306773
hand,3,52.125,3.95364468012,156.375,11.8609340404,0.0519173306773
certain,4,37.9090909091,3.635190949,151.636363636,14.540763796,0.0503440782325
out,8,18.5333333333,2.91957091259,148.266666666,23.3565673007,0.0492253209384
everi,6,24.5294117647,3.19987287774,147.176470588,19.1992372664,0.0488633700492
sister,3,49.0588235294,3.8930200583,147.176470588,11.6790601749,0.0488633700492
did,5,28.7586206897,3.35893757237,143.793103449,16.7946878619,0.0477400741861
believ,6,23.8285714286,3.17088534087,142.971428572,19.0253120452,0.0474672737622
sideway,1,139.0,4.93447393313,139.0,4.93447393313,0.0461487383798
waitingnoah,1,139.0,4.93447393313,139.0,4.93447393313,0.0461487383798
afraid,1,139.0,4.93447393313,139.0,4.93447393313,0.0461487383798
unright,1,139.0,4.93447393313,139.0,4.93447393313,0.0461487383798
erich,1,139.0,4.93447393313,139.0,4.93447393313,0.0461487383798
amateur,1,139.0,4.93447393313,139.0,4.93447393313,0.0461487383798
godif,1,139.0,4.93447393313,139.0,4.93447393313,0.0461487383798
rage,1,139.0,4.93447393313,139.0,4.93447393313,0.0461487383798
patch,1,139.0,4.93447393313,139.0,4.93447393313,0.0461487383798
bad,1,139.0,4.93447393313,139.0,4.93447393313,0.0461487383798
sad,1,139.0,4.93447393313,139.0,4.93447393313,0.0461487383798
jump,1,139.0,4.93447393313,139.0,4.93447393313,0.0461487383798
sentenceth,1,139.0,4.93447393313,139.0,4.93447393313,0.0461487383798
wasnt,1,139.0,4.93447393313,139.0,4.93447393313,0.0461487383798
miss,1,139.0,4.93447393313,139.0,4.93447393313,0.0461487383798
cri,1,139.0,4.93447393313,139.0,4.93447393313,0.0461487383798
relentless,1,139.0,4.93447393313,139.0,4.93447393313,0.0461487383798
spiritrom,1,139.0,4.93447393313,139.0,4.93447393313,0.0461487383798
salari,1,139.0,4.93447393313,139.0,4.93447393313,0.0461487383798
ditch,1,139.0,4.93447393313,139.0,4.93447393313,0.0461487383798
conspiraci,1,139.0,4.93447393313,139.0,4.93447393313,0.0461487383798
wellpaid,1,139.0,4.93447393313,139.0,4.93447393313,0.0461487383798
rag,1,139.0,4.93447393313,139.0,4.93447393313,0.0461487383798
flip,1,139.0,4.93447393313,139.0,4.93447393313,0.0461487383798
horribl,1,139.0,4.93447393313,139.0,4.93447393313,0.0461487383798
steer,1,139.0,4.93447393313,139.0,4.93447393313,0.0461487383798
kissit,1,139.0,4.93447393313,139.0,4.93447393313,0.0461487383798
dwelt,1,139.0,4.93447393313,139.0,4.93447393313,0.0461487383798
fear,1,139.0,4.93447393313,139.0,4.93447393313,0.0461487383798
bankingbut,1,139.0,4.93447393313,139.0,4.93447393313,0.0461487383798
rico,1,139.0,4.93447393313,139.0,4.93447393313,0.0461487383798
owntough,1,139.0,4.93447393313,139.0,4.93447393313,0.0461487383798
phenomenon,1,139.0,4.93447393313,139.0,4.93447393313,0.0461487383798
tongu,1,139.0,4.93447393313,139.0,4.93447393313,0.0461487383798
tragic,1,139.0,4.93447393313,139.0,4.93447393313,0.0461487383798
messag,1,139.0,4.93447393313,139.0,4.93447393313,0.0461487383798
inde,1,139.0,4.93447393313,139.0,4.93447393313,0.0461487383798
societyil,1,139.0,4.93447393313,139.0,4.93447393313,0.0461487383798
faithless,1,139.0,4.93447393313,139.0,4.93447393313,0.0461487383798
pretti,1,139.0,4.93447393313,139.0,4.93447393313,0.0461487383798
faithfuli,1,139.0,4.93447393313,139.0,4.93447393313,0.0461487383798
anticip,1,139.0,4.93447393313,139.0,4.93447393313,0.0461487383798
stronger,1,139.0,4.93447393313,139.0,4.93447393313,0.0461487383798
richard,2,69.5,4.24132675257,139.0,8.48265350514,0.0461487383798
caught,1,139.0,4.93447393313,139.0,4.93447393313,0.0461487383798
kept,1,139.0,4.93447393313,139.0,4.93447393313,0.0461487383798
gear,1,139.0,4.93447393313,139.0,4.93447393313,0.0461487383798
leinsdorf,1,139.0,4.93447393313,139.0,4.93447393313,0.0461487383798
awayii,1,139.0,4.93447393313,139.0,4.93447393313,0.0461487383798
piano,1,139.0,4.93447393313,139.0,4.93447393313,0.0461487383798
urg,1,139.0,4.93447393313,139.0,4.93447393313,0.0461487383798
everyth,1,139.0,4.93447393313,139.0,4.93447393313,0.0461487383798
inoper,1,139.0,4.93447393313,139.0,4.93447393313,0.0461487383798
proverb,1,139.0,4.93447393313,139.0,4.93447393313,0.0461487383798
termin,1,139.0,4.93447393313,139.0,4.93447393313,0.0461487383798
brooklyn,1,139.0,4.93447393313,139.0,4.93447393313,0.0461487383798
simplifi,1,139.0,4.93447393313,139.0,4.93447393313,0.0461487383798
listen,1,139.0,4.93447393313,139.0,4.93447393313,0.0461487383798
fellow,1,139.0,4.93447393313,139.0,4.93447393313,0.0461487383798
storm,1,139.0,4.93447393313,139.0,4.93447393313,0.0461487383798
moneyi,1,139.0,4.93447393313,139.0,4.93447393313,0.0461487383798
entranc,1,139.0,4.93447393313,139.0,4.93447393313,0.0461487383798
awhil,1,139.0,4.93447393313,139.0,4.93447393313,0.0461487383798
float,1,139.0,4.93447393313,139.0,4.93447393313,0.0461487383798
trancewhen,1,139.0,4.93447393313,139.0,4.93447393313,0.0461487383798
abus,1,139.0,4.93447393313,139.0,4.93447393313,0.0461487383798
dwight,1,139.0,4.93447393313,139.0,4.93447393313,0.0461487383798
horizon,1,139.0,4.93447393313,139.0,4.93447393313,0.0461487383798
tumor,1,139.0,4.93447393313,139.0,4.93447393313,0.0461487383798
troubl,1,139.0,4.93447393313,139.0,4.93447393313,0.0461487383798
proceed,1,139.0,4.93447393313,139.0,4.93447393313,0.0461487383798
impos,1,139.0,4.93447393313,139.0,4.93447393313,0.0461487383798
bloodthirsti,1,139.0,4.93447393313,139.0,4.93447393313,0.0461487383798
streetpreach,1,139.0,4.93447393313,139.0,4.93447393313,0.0461487383798
burn,1,139.0,4.93447393313,139.0,4.93447393313,0.0461487383798
dental,1,139.0,4.93447393313,139.0,4.93447393313,0.0461487383798
quit,1,139.0,4.93447393313,139.0,4.93447393313,0.0461487383798
titan,1,139.0,4.93447393313,139.0,4.93447393313,0.0461487383798
immun,1,139.0,4.93447393313,139.0,4.93447393313,0.0461487383798
convict,1,139.0,4.93447393313,139.0,4.93447393313,0.0461487383798
bogus,1,139.0,4.93447393313,139.0,4.93447393313,0.0461487383798
estrada,1,139.0,4.93447393313,139.0,4.93447393313,0.0461487383798
benefit,1,139.0,4.93447393313,139.0,4.93447393313,0.0461487383798
lean,1,139.0,4.93447393313,139.0,4.93447393313,0.0461487383798
prov,1,139.0,4.93447393313,139.0,4.93447393313,0.0461487383798
evilrememb,1,139.0,4.93447393313,139.0,4.93447393313,0.0461487383798
leaf,1,139.0,4.93447393313,139.0,4.93447393313,0.0461487383798
trustedcol,1,139.0,4.93447393313,139.0,4.93447393313,0.0461487383798
shes,1,139.0,4.93447393313,139.0,4.93447393313,0.0461487383798
attorney,1,139.0,4.93447393313,139.0,4.93447393313,0.0461487383798
lewi,1,139.0,4.93447393313,139.0,4.93447393313,0.0461487383798
himselfdeut,1,139.0,4.93447393313,139.0,4.93447393313,0.0461487383798
spiritp,1,139.0,4.93447393313,139.0,4.93447393313,0.0461487383798
youv,1,139.0,4.93447393313,139.0,4.93447393313,0.0461487383798
himtina,1,139.0,4.93447393313,139.0,4.93447393313,0.0461487383798
themselvesp,1,139.0,4.93447393313,139.0,4.93447393313,0.0461487383798
armsa,1,139.0,4.93447393313,139.0,4.93447393313,0.0461487383798
wind,1,139.0,4.93447393313,139.0,4.93447393313,0.0461487383798
stab,1,139.0,4.93447393313,139.0,4.93447393313,0.0461487383798
songil,1,139.0,4.93447393313,139.0,4.93447393313,0.0461487383798
nay,1,139.0,4.93447393313,139.0,4.93447393313,0.0461487383798
tim,1,139.0,4.93447393313,139.0,4.93447393313,0.0461487383798
pat,1,139.0,4.93447393313,139.0,4.93447393313,0.0461487383798
theyll,1,139.0,4.93447393313,139.0,4.93447393313,0.0461487383798
coven,1,139.0,4.93447393313,139.0,4.93447393313,0.0461487383798
fill,1,139.0,4.93447393313,139.0,4.93447393313,0.0461487383798
file,1,139.0,4.93447393313,139.0,4.93447393313,0.0461487383798
intro,1,139.0,4.93447393313,139.0,4.93447393313,0.0461487383798
haunt,1,139.0,4.93447393313,139.0,4.93447393313,0.0461487383798
alarm,1,139.0,4.93447393313,139.0,4.93447393313,0.0461487383798
glori,1,139.0,4.93447393313,139.0,4.93447393313,0.0461487383798
slander,1,139.0,4.93447393313,139.0,4.93447393313,0.0461487383798
nearest,1,139.0,4.93447393313,139.0,4.93447393313,0.0461487383798
itil,1,139.0,4.93447393313,139.0,4.93447393313,0.0461487383798
eat,1,139.0,4.93447393313,139.0,4.93447393313,0.0461487383798
evilil,1,139.0,4.93447393313,139.0,4.93447393313,0.0461487383798
overflow,1,139.0,4.93447393313,139.0,4.93447393313,0.0461487383798
beat,1,139.0,4.93447393313,139.0,4.93447393313,0.0461487383798
lone,1,139.0,4.93447393313,139.0,4.93447393313,0.0461487383798
pictur,1,139.0,4.93447393313,139.0,4.93447393313,0.0461487383798
fulfil,1,139.0,4.93447393313,139.0,4.93447393313,0.0461487383798
languagesin,1,139.0,4.93447393313,139.0,4.93447393313,0.0461487383798
mignonett,1,139.0,4.93447393313,139.0,4.93447393313,0.0461487383798
moodi,1,139.0,4.93447393313,139.0,4.93447393313,0.0461487383798
fivemonth,1,139.0,4.93447393313,139.0,4.93447393313,0.0461487383798
done,1,139.0,4.93447393313,139.0,4.93447393313,0.0461487383798
numhour,1,139.0,4.93447393313,139.0,4.93447393313,0.0461487383798
spit,1,139.0,4.93447393313,139.0,4.93447393313,0.0461487383798
firm,1,139.0,4.93447393313,139.0,4.93447393313,0.0461487383798
threaten,1,139.0,4.93447393313,139.0,4.93447393313,0.0461487383798
perpetu,1,139.0,4.93447393313,139.0,4.93447393313,0.0461487383798
fiveyear,1,139.0,4.93447393313,139.0,4.93447393313,0.0461487383798
coupl,1,139.0,4.93447393313,139.0,4.93447393313,0.0461487383798
unclean,1,139.0,4.93447393313,139.0,4.93447393313,0.0461487383798
deceiv,1,139.0,4.93447393313,139.0,4.93447393313,0.0461487383798
safep,1,139.0,4.93447393313,139.0,4.93447393313,0.0461487383798
insist,1,139.0,4.93447393313,139.0,4.93447393313,0.0461487383798
sweep,1,139.0,4.93447393313,139.0,4.93447393313,0.0461487383798
loan,1,139.0,4.93447393313,139.0,4.93447393313,0.0461487383798
cancer,1,139.0,4.93447393313,139.0,4.93447393313,0.0461487383798
evilnum,1,139.0,4.93447393313,139.0,4.93447393313,0.0461487383798
pursuit,1,139.0,4.93447393313,139.0,4.93447393313,0.0461487383798
plansth,1,139.0,4.93447393313,139.0,4.93447393313,0.0461487383798
manp,1,139.0,4.93447393313,139.0,4.93447393313,0.0461487383798
straightp,1,139.0,4.93447393313,139.0,4.93447393313,0.0461487383798
whisker,1,139.0,4.93447393313,139.0,4.93447393313,0.0461487383798
spare,1,139.0,4.93447393313,139.0,4.93447393313,0.0461487383798
fearless,1,139.0,4.93447393313,139.0,4.93447393313,0.0461487383798
spiriti,1,139.0,4.93447393313,139.0,4.93447393313,0.0461487383798
occurr,1,139.0,4.93447393313,139.0,4.93447393313,0.0461487383798
untrustworthi,1,139.0,4.93447393313,139.0,4.93447393313,0.0461487383798
saveil,1,139.0,4.93447393313,139.0,4.93447393313,0.0461487383798
everest,1,139.0,4.93447393313,139.0,4.93447393313,0.0461487383798
countless,1,139.0,4.93447393313,139.0,4.93447393313,0.0461487383798
snail,1,139.0,4.93447393313,139.0,4.93447393313,0.0461487383798
ladi,1,139.0,4.93447393313,139.0,4.93447393313,0.0461487383798
coauthor,1,139.0,4.93447393313,139.0,4.93447393313,0.0461487383798
boon,1,139.0,4.93447393313,139.0,4.93447393313,0.0461487383798
smart,1,139.0,4.93447393313,139.0,4.93447393313,0.0461487383798
arrest,1,139.0,4.93447393313,139.0,4.93447393313,0.0461487383798
snare,1,139.0,4.93447393313,139.0,4.93447393313,0.0461487383798
encounteredbroth,1,139.0,4.93447393313,139.0,4.93447393313,0.0461487383798
baptiz,1,139.0,4.93447393313,139.0,4.93447393313,0.0461487383798
warlord,1,139.0,4.93447393313,139.0,4.93447393313,0.0461487383798
disown,1,139.0,4.93447393313,139.0,4.93447393313,0.0461487383798
moment,1,139.0,4.93447393313,139.0,4.93447393313,0.0461487383798
rainbow,1,139.0,4.93447393313,139.0,4.93447393313,0.0461487383798
pontiac,1,139.0,4.93447393313,139.0,4.93447393313,0.0461487383798
maus,1,139.0,4.93447393313,139.0,4.93447393313,0.0461487383798
mauric,1,139.0,4.93447393313,139.0,4.93447393313,0.0461487383798
trial,1,139.0,4.93447393313,139.0,4.93447393313,0.0461487383798
fate,1,139.0,4.93447393313,139.0,4.93447393313,0.0461487383798
partner,1,139.0,4.93447393313,139.0,4.93447393313,0.0461487383798
thug,1,139.0,4.93447393313,139.0,4.93447393313,0.0461487383798
anger,1,139.0,4.93447393313,139.0,4.93447393313,0.0461487383798
confound,1,139.0,4.93447393313,139.0,4.93447393313,0.0461487383798
worri,1,139.0,4.93447393313,139.0,4.93447393313,0.0461487383798
faithfulgod,1,139.0,4.93447393313,139.0,4.93447393313,0.0461487383798
erik,1,139.0,4.93447393313,139.0,4.93447393313,0.0461487383798
occas,1,139.0,4.93447393313,139.0,4.93447393313,0.0461487383798
kick,1,139.0,4.93447393313,139.0,4.93447393313,0.0461487383798
courtord,1,139.0,4.93447393313,139.0,4.93447393313,0.0461487383798
ozark,1,139.0,4.93447393313,139.0,4.93447393313,0.0461487383798
teen,1,139.0,4.93447393313,139.0,4.93447393313,0.0461487383798
rental,1,139.0,4.93447393313,139.0,4.93447393313,0.0461487383798
nov,1,139.0,4.93447393313,139.0,4.93447393313,0.0461487383798
factil,1,139.0,4.93447393313,139.0,4.93447393313,0.0461487383798
cheetah,1,139.0,4.93447393313,139.0,4.93447393313,0.0461487383798
promis,1,139.0,4.93447393313,139.0,4.93447393313,0.0461487383798
guy,1,139.0,4.93447393313,139.0,4.93447393313,0.0461487383798
lunch,1,139.0,4.93447393313,139.0,4.93447393313,0.0461487383798
mau,1,139.0,4.93447393313,139.0,4.93447393313,0.0461487383798
oneil,1,139.0,4.93447393313,139.0,4.93447393313,0.0461487383798
safe,1,139.0,4.93447393313,139.0,4.93447393313,0.0461487383798
dan,1,139.0,4.93447393313,139.0,4.93447393313,0.0461487383798
bow,1,139.0,4.93447393313,139.0,4.93447393313,0.0461487383798
ahead,1,139.0,4.93447393313,139.0,4.93447393313,0.0461487383798
spiritil,1,139.0,4.93447393313,139.0,4.93447393313,0.0461487383798
brutal,1,139.0,4.93447393313,139.0,4.93447393313,0.0461487383798
convers,1,139.0,4.93447393313,139.0,4.93447393313,0.0461487383798
disappoint,1,139.0,4.93447393313,139.0,4.93447393313,0.0461487383798
chanc,1,139.0,4.93447393313,139.0,4.93447393313,0.0461487383798
bread,1,139.0,4.93447393313,139.0,4.93447393313,0.0461487383798
mph,1,139.0,4.93447393313,139.0,4.93447393313,0.0461487383798
baton,1,139.0,4.93447393313,139.0,4.93447393313,0.0461487383798
spurgeon,1,139.0,4.93447393313,139.0,4.93447393313,0.0461487383798
guilti,1,139.0,4.93447393313,139.0,4.93447393313,0.0461487383798
skinni,1,139.0,4.93447393313,139.0,4.93447393313,0.0461487383798
bloodsh,1,139.0,4.93447393313,139.0,4.93447393313,0.0461487383798
westerfield,1,139.0,4.93447393313,139.0,4.93447393313,0.0461487383798
adversari,1,139.0,4.93447393313,139.0,4.93447393313,0.0461487383798
ceas,1,139.0,4.93447393313,139.0,4.93447393313,0.0461487383798
bless,1,139.0,4.93447393313,139.0,4.93447393313,0.0461487383798
blast,1,139.0,4.93447393313,139.0,4.93447393313,0.0461487383798
wont,1,139.0,4.93447393313,139.0,4.93447393313,0.0461487383798
pick,1,139.0,4.93447393313,139.0,4.93447393313,0.0461487383798
cling,1,139.0,4.93447393313,139.0,4.93447393313,0.0461487383798
fool,1,139.0,4.93447393313,139.0,4.93447393313,0.0461487383798
vacat,1,139.0,4.93447393313,139.0,4.93447393313,0.0461487383798
hidden,1,139.0,4.93447393313,139.0,4.93447393313,0.0461487383798
puerto,1,139.0,4.93447393313,139.0,4.93447393313,0.0461487383798
mere,1,139.0,4.93447393313,139.0,4.93447393313,0.0461487383798
disarm,1,139.0,4.93447393313,139.0,4.93447393313,0.0461487383798
psychiatrist,1,139.0,4.93447393313,139.0,4.93447393313,0.0461487383798
certainti,1,139.0,4.93447393313,139.0,4.93447393313,0.0461487383798
isno,1,139.0,4.93447393313,139.0,4.93447393313,0.0461487383798
trustprop,1,139.0,4.93447393313,139.0,4.93447393313,0.0461487383798
mep,1,139.0,4.93447393313,139.0,4.93447393313,0.0461487383798
greed,1,139.0,4.93447393313,139.0,4.93447393313,0.0461487383798
bestknown,1,139.0,4.93447393313,139.0,4.93447393313,0.0461487383798
dream,1,139.0,4.93447393313,139.0,4.93447393313,0.0461487383798
met,1,139.0,4.93447393313,139.0,4.93447393313,0.0461487383798
chose,1,139.0,4.93447393313,139.0,4.93447393313,0.0461487383798
unswerv,1,139.0,4.93447393313,139.0,4.93447393313,0.0461487383798
bearheb,1,139.0,4.93447393313,139.0,4.93447393313,0.0461487383798
notori,1,139.0,4.93447393313,139.0,4.93447393313,0.0461487383798
isnt,1,139.0,4.93447393313,139.0,4.93447393313,0.0461487383798
incid,1,139.0,4.93447393313,139.0,4.93447393313,0.0461487383798
beaten,1,139.0,4.93447393313,139.0,4.93447393313,0.0461487383798
hick,1,139.0,4.93447393313,139.0,4.93447393313,0.0461487383798
persist,1,139.0,4.93447393313,139.0,4.93447393313,0.0461487383798
richardss,1,139.0,4.93447393313,139.0,4.93447393313,0.0461487383798
buck,1,139.0,4.93447393313,139.0,4.93447393313,0.0461487383798
snowbal,1,139.0,4.93447393313,139.0,4.93447393313,0.0461487383798
plead,1,139.0,4.93447393313,139.0,4.93447393313,0.0461487383798
filthi,1,139.0,4.93447393313,139.0,4.93447393313,0.0461487383798
fit,1,139.0,4.93447393313,139.0,4.93447393313,0.0461487383798
mankind,1,139.0,4.93447393313,139.0,4.93447393313,0.0461487383798
songmi,1,139.0,4.93447393313,139.0,4.93447393313,0.0461487383798
ineffect,1,139.0,4.93447393313,139.0,4.93447393313,0.0461487383798
selfcent,1,139.0,4.93447393313,139.0,4.93447393313,0.0461487383798
hell,1,139.0,4.93447393313,139.0,4.93447393313,0.0461487383798
conspir,1,139.0,4.93447393313,139.0,4.93447393313,0.0461487383798
businessbroth,1,139.0,4.93447393313,139.0,4.93447393313,0.0461487383798
loom,1,139.0,4.93447393313,139.0,4.93447393313,0.0461487383798
violin,1,139.0,4.93447393313,139.0,4.93447393313,0.0461487383798
rain,1,139.0,4.93447393313,139.0,4.93447393313,0.0461487383798
juda,1,139.0,4.93447393313,139.0,4.93447393313,0.0461487383798
afterward,1,139.0,4.93447393313,139.0,4.93447393313,0.0461487383798
embarrass,1,139.0,4.93447393313,139.0,4.93447393313,0.0461487383798
tempt,1,139.0,4.93447393313,139.0,4.93447393313,0.0461487383798
recommend,1,139.0,4.93447393313,139.0,4.93447393313,0.0461487383798
griffin,1,139.0,4.93447393313,139.0,4.93447393313,0.0461487383798
worn,1,139.0,4.93447393313,139.0,4.93447393313,0.0461487383798
satan,1,139.0,4.93447393313,139.0,4.93447393313,0.0461487383798
selfabsorb,1,139.0,4.93447393313,139.0,4.93447393313,0.0461487383798
wheel,1,139.0,4.93447393313,139.0,4.93447393313,0.0461487383798
nightmar,1,139.0,4.93447393313,139.0,4.93447393313,0.0461487383798
wors,1,139.0,4.93447393313,139.0,4.93447393313,0.0461487383798
sorri,1,139.0,4.93447393313,139.0,4.93447393313,0.0461487383798
destructiongod,1,139.0,4.93447393313,139.0,4.93447393313,0.0461487383798
hes,1,139.0,4.93447393313,139.0,4.93447393313,0.0461487383798
fortress,1,139.0,4.93447393313,139.0,4.93447393313,0.0461487383798
mortal,1,139.0,4.93447393313,139.0,4.93447393313,0.0461487383798
feel,1,139.0,4.93447393313,139.0,4.93447393313,0.0461487383798
notii,1,139.0,4.93447393313,139.0,4.93447393313,0.0461487383798
profess,1,139.0,4.93447393313,139.0,4.93447393313,0.0461487383798
whoever,1,139.0,4.93447393313,139.0,4.93447393313,0.0461487383798
conductor,1,139.0,4.93447393313,139.0,4.93447393313,0.0461487383798
threeyear,1,139.0,4.93447393313,139.0,4.93447393313,0.0461487383798
savedat,1,139.0,4.93447393313,139.0,4.93447393313,0.0461487383798
alignedbroth,1,139.0,4.93447393313,139.0,4.93447393313,0.0461487383798
hurt,1,139.0,4.93447393313,139.0,4.93447393313,0.0461487383798
smile,1,139.0,4.93447393313,139.0,4.93447393313,0.0461487383798
doom,1,139.0,4.93447393313,139.0,4.93447393313,0.0461487383798
chair,1,139.0,4.93447393313,139.0,4.93447393313,0.0461487383798
tell,1,139.0,4.93447393313,139.0,4.93447393313,0.0461487383798
firebird,1,139.0,4.93447393313,139.0,4.93447393313,0.0461487383798
obvious,1,139.0,4.93447393313,139.0,4.93447393313,0.0461487383798
favorit,1,139.0,4.93447393313,139.0,4.93447393313,0.0461487383798
slid,1,139.0,4.93447393313,139.0,4.93447393313,0.0461487383798
mannum,1,139.0,4.93447393313,139.0,4.93447393313,0.0461487383798
mayhem,1,139.0,4.93447393313,139.0,4.93447393313,0.0461487383798
sing,1,139.0,4.93447393313,139.0,4.93447393313,0.0461487383798
witchcraftpract,1,139.0,4.93447393313,139.0,4.93447393313,0.0461487383798
drove,1,139.0,4.93447393313,139.0,4.93447393313,0.0461487383798
exhusband,1,139.0,4.93447393313,139.0,4.93447393313,0.0461487383798
sermon,1,139.0,4.93447393313,139.0,4.93447393313,0.0461487383798
malign,1,139.0,4.93447393313,139.0,4.93447393313,0.0461487383798
forgot,1,139.0,4.93447393313,139.0,4.93447393313,0.0461487383798
lock,1,139.0,4.93447393313,139.0,4.93447393313,0.0461487383798
spoke,1,139.0,4.93447393313,139.0,4.93447393313,0.0461487383798
wethersfield,1,139.0,4.93447393313,139.0,4.93447393313,0.0461487383798
christnicki,1,139.0,4.93447393313,139.0,4.93447393313,0.0461487383798
commandsi,1,139.0,4.93447393313,139.0,4.93447393313,0.0461487383798
proof,1,139.0,4.93447393313,139.0,4.93447393313,0.0461487383798
bestsel,1,139.0,4.93447393313,139.0,4.93447393313,0.0461487383798
trustmatt,1,139.0,4.93447393313,139.0,4.93447393313,0.0461487383798
highway,1,139.0,4.93447393313,139.0,4.93447393313,0.0461487383798
shrivel,1,139.0,4.93447393313,139.0,4.93447393313,0.0461487383798
understudi,1,139.0,4.93447393313,139.0,4.93447393313,0.0461487383798
fellowship,1,139.0,4.93447393313,139.0,4.93447393313,0.0461487383798
saw,3,46.3333333333,3.83586164446,139.0,11.5075849334,0.0461487383798
need,3,43.8947368421,3.78179442319,131.684210526,11.3453832696,0.0437198574125
win,3,43.8947368421,3.78179442319,131.684210526,11.3453832696,0.0437198574125
perhap,2,64.1538461538,4.1612840449,128.307692308,8.3225680898,0.0425988354275
leav,2,64.1538461538,4.1612840449,128.307692308,8.3225680898,0.0425988354275
anoth,4,30.8888888889,3.43039653635,123.555555556,13.7215861454,0.0410211007821
voic,1,119.142857143,4.7803232533,119.142857143,4.7803232533,0.0395560614685
decid,1,119.142857143,4.7803232533,119.142857143,4.7803232533,0.0395560614685
mental,1,119.142857143,4.7803232533,119.142857143,4.7803232533,0.0395560614685
stress,1,119.142857143,4.7803232533,119.142857143,4.7803232533,0.0395560614685
path,1,119.142857143,4.7803232533,119.142857143,4.7803232533,0.0395560614685
serious,1,119.142857143,4.7803232533,119.142857143,4.7803232533,0.0395560614685
commit,1,119.142857143,4.7803232533,119.142857143,4.7803232533,0.0395560614685
brain,1,119.142857143,4.7803232533,119.142857143,4.7803232533,0.0395560614685
scheme,1,119.142857143,4.7803232533,119.142857143,4.7803232533,0.0395560614685
better,1,119.142857143,4.7803232533,119.142857143,4.7803232533,0.0395560614685
conceiv,1,119.142857143,4.7803232533,119.142857143,4.7803232533,0.0395560614685
acknowledg,1,119.142857143,4.7803232533,119.142857143,4.7803232533,0.0395560614685
front,2,59.5714285714,4.08717607274,119.142857143,8.17435214548,0.0395560614684
parent,2,59.5714285714,4.08717607274,119.142857143,8.17435214548,0.0395560614684
understand,2,59.5714285714,4.08717607274,119.142857143,8.17435214548,0.0395560614684
the,116,1.0,0.0,116.0,0.0,0.0385126162019
die,3,37.9090909091,3.635190949,113.727272727,10.905572847,0.0377580586744
can,16,7.06779661017,1.95554877789,113.084745763,31.2887804462,0.037544736309
focus,3,36.2608695652,3.59073918643,108.782608696,10.7722175593,0.0361164039494
christian,6,17.7446808511,2.87608580065,106.468085107,17.2565148039,0.0353479698229
read,2,52.125,3.95364468012,104.25,7.90728936024,0.0346115537849
etc,1,104.25,4.64679186068,104.25,4.64679186068,0.0346115537849
here,2,52.125,3.95364468012,104.25,7.90728936024,0.0346115537849
away,1,104.25,4.64679186068,104.25,4.64679186068,0.0346115537849
prove,1,104.25,4.64679186068,104.25,4.64679186068,0.0346115537849
prepar,1,104.25,4.64679186068,104.25,4.64679186068,0.0346115537849
board,1,104.25,4.64679186068,104.25,4.64679186068,0.0346115537849
dramat,1,104.25,4.64679186068,104.25,4.64679186068,0.0346115537849
conclus,1,104.25,4.64679186068,104.25,4.64679186068,0.0346115537849
copi,1,104.25,4.64679186068,104.25,4.64679186068,0.0346115537849
son,5,20.85,3.03735394824,104.25,15.1867697412,0.0346115537849
sent,1,104.25,4.64679186068,104.25,4.64679186068,0.0346115537849
seem,1,104.25,4.64679186068,104.25,4.64679186068,0.0346115537849
break,1,104.25,4.64679186068,104.25,4.64679186068,0.0346115537849
scottish,1,104.25,4.64679186068,104.25,4.64679186068,0.0346115537849
realiti,1,104.25,4.64679186068,104.25,4.64679186068,0.0346115537849
when,19,5.38064516129,1.68280828544,102.232258065,31.9733574234,0.0339416527439
just,5,20.3414634146,3.01266133565,101.707317073,15.0633066782,0.0337673695461
give,3,33.36,3.50735757749,100.08,10.5220727325,0.0332270916335
full,2,49.0588235294,3.8930200583,98.1176470588,7.7860401166,0.0325755800328
deep,2,49.0588235294,3.8930200583,98.1176470588,7.7860401166,0.0325755800328
friend,2,49.0588235294,3.8930200583,98.1176470588,7.7860401166,0.0325755800328
who,17,5.59731543624,1.72228709641,95.1543624161,29.278880639,0.0315917537902
master,1,92.6666666667,4.52900882502,92.6666666667,4.52900882502,0.0307658255866
bibl,1,92.6666666667,4.52900882502,92.6666666667,4.52900882502,0.0307658255866
logic,1,92.6666666667,4.52900882502,92.6666666667,4.52900882502,0.0307658255866
ever,3,30.8888888889,3.43039653635,92.6666666667,10.2911896091,0.0307658255866
honor,1,92.6666666667,4.52900882502,92.6666666667,4.52900882502,0.0307658255866
violenc,1,92.6666666667,4.52900882502,92.6666666667,4.52900882502,0.0307658255866
alway,2,46.3333333333,3.83586164446,92.6666666666,7.67172328892,0.0307658255865
whom,2,46.3333333333,3.83586164446,92.6666666666,7.67172328892,0.0307658255865
there,14,6.515625,1.87420313844,91.21875,26.2388439382,0.0302851095618
off,2,43.8947368421,3.78179442319,87.7894736842,7.56358884638,0.0291465716083
not,21,4.12871287129,1.41796570496,86.7029702971,29.7772798042,0.0287858467122
turn,3,28.7586206897,3.35893757237,86.2758620691,10.0768127171,0.0286440445117
and,84,1.00120048019,0.0011997601919,84.100840336,0.10077985612,0.0279219257424
assist,1,83.4,4.42364830936,83.4,4.42364830936,0.0276892430279
spent,1,83.4,4.42364830936,83.4,4.42364830936,0.0276892430279
alcohol,1,83.4,4.42364830936,83.4,4.42364830936,0.0276892430279
amount,1,83.4,4.42364830936,83.4,4.42364830936,0.0276892430279
reject,1,83.4,4.42364830936,83.4,4.42364830936,0.0276892430279
wall,1,83.4,4.42364830936,83.4,4.42364830936,0.0276892430279
fulli,1,83.4,4.42364830936,83.4,4.42364830936,0.0276892430279
soul,1,83.4,4.42364830936,83.4,4.42364830936,0.0276892430279
come,5,16.0384615385,2.77498968378,80.1923076925,13.8749484189,0.0266242721423
discov,2,39.7142857143,3.68171096464,79.4285714286,7.36342192928,0.0263707076456
wrote,2,39.7142857143,3.68171096464,79.4285714286,7.36342192928,0.0263707076456
lost,2,39.7142857143,3.68171096464,79.4285714286,7.36342192928,0.0263707076456
stori,3,26.0625,3.26049749956,78.1875,9.78149249868,0.0259586653386
those,5,15.4444444444,2.73724935579,77.222222222,13.686246779,0.0256381879887
like,6,12.8307692308,2.55184613246,76.9846153848,15.3110767948,0.0255593012566
watch,1,75.8181818182,4.32833812956,75.8181818182,4.32833812956,0.0251720391163
audienc,1,75.8181818182,4.32833812956,75.8181818182,4.32833812956,0.0251720391163
electr,1,75.8181818182,4.32833812956,75.8181818182,4.32833812956,0.0251720391163
seiz,1,75.8181818182,4.32833812956,75.8181818182,4.32833812956,0.0251720391163
princ,1,75.8181818182,4.32833812956,75.8181818182,4.32833812956,0.0251720391163
thousand,2,37.9090909091,3.635190949,75.8181818182,7.270381898,0.0251720391163
say,1,75.8181818182,4.32833812956,75.8181818182,4.32833812956,0.0251720391163
stand,1,75.8181818182,4.32833812956,75.8181818182,4.32833812956,0.0251720391163
cycl,1,75.8181818182,4.32833812956,75.8181818182,4.32833812956,0.0251720391163
stone,1,75.8181818182,4.32833812956,75.8181818182,4.32833812956,0.0251720391163
onc,3,25.2727272727,3.22972584089,75.8181818181,9.68917752267,0.0251720391162
then,5,14.6315789474,2.68318213452,73.157894737,13.4159106726,0.0242888096736
abov,2,36.2608695652,3.59073918643,72.5217391304,7.18147837286,0.0240776026329
brother,2,36.2608695652,3.59073918643,72.5217391304,7.18147837286,0.0240776026329
invest,1,69.5,4.24132675257,69.5,4.24132675257,0.0230743691899
movi,1,69.5,4.24132675257,69.5,4.24132675257,0.0230743691899
acclaim,1,69.5,4.24132675257,69.5,4.24132675257,0.0230743691899
children,2,34.75,3.54817957201,69.5,7.09635914402,0.0230743691899
announc,1,69.5,4.24132675257,69.5,4.24132675257,0.0230743691899
big,2,34.75,3.54817957201,69.5,7.09635914402,0.0230743691899
eye,1,69.5,4.24132675257,69.5,4.24132675257,0.0230743691899
winter,1,69.5,4.24132675257,69.5,4.24132675257,0.0230743691899
doe,2,33.36,3.50735757749,66.72,7.01471515498,0.0221513944223
earlier,2,33.36,3.50735757749,66.72,7.01471515498,0.0221513944223
take,3,21.9473684211,3.08864724263,65.8421052633,9.26594172789,0.0218599287063
all,15,4.34375,1.46873803033,65.15625,22.0310704549,0.0216322211155
protect,2,32.0769230769,3.46813686434,64.1538461538,6.93627372868,0.0212994177137
spiritu,1,64.1538461538,4.1612840449,64.1538461538,4.1612840449,0.0212994177137
show,3,21.3846153846,3.06267175623,64.1538461538,9.18801526869,0.0212994177137
might,1,64.1538461538,4.1612840449,64.1538461538,4.1612840449,0.0212994177137
immedi,1,64.1538461538,4.1612840449,64.1538461538,4.1612840449,0.0212994177137
visibl,1,64.1538461538,4.1612840449,64.1538461538,4.1612840449,0.0212994177137
jesus,1,64.1538461538,4.1612840449,64.1538461538,4.1612840449,0.0212994177137
speed,1,64.1538461538,4.1612840449,64.1538461538,4.1612840449,0.0212994177137
rival,1,64.1538461538,4.1612840449,64.1538461538,4.1612840449,0.0212994177137
have,24,2.64761904762,0.973660763533,63.5428571429,23.3678583248,0.0210965661165
took,3,20.85,3.03735394824,62.55,9.11206184472,0.0207669322709
way,3,20.3414634146,3.01266133565,61.0243902438,9.03798400695,0.0202604217277
score,1,59.5714285714,4.08717607274,59.5714285714,4.08717607274,0.0197780307342
drug,1,59.5714285714,4.08717607274,59.5714285714,4.08717607274,0.0197780307342
face,1,59.5714285714,4.08717607274,59.5714285714,4.08717607274,0.0197780307342
motion,1,59.5714285714,4.08717607274,59.5714285714,4.08717607274,0.0197780307342
next,1,59.5714285714,4.08717607274,59.5714285714,4.08717607274,0.0197780307342
phrase,1,59.5714285714,4.08717607274,59.5714285714,4.08717607274,0.0197780307342
deal,1,59.5714285714,4.08717607274,59.5714285714,4.08717607274,0.0197780307342
suffer,1,59.5714285714,4.08717607274,59.5714285714,4.08717607274,0.0197780307342
professor,1,59.5714285714,4.08717607274,59.5714285714,4.08717607274,0.0197780307342
interest,2,29.7857142857,3.39402889218,59.5714285714,6.78805778436,0.0197780307342
machin,1,59.5714285714,4.08717607274,59.5714285714,4.08717607274,0.0197780307342
distribut,1,59.5714285714,4.08717607274,59.5714285714,4.08717607274,0.0197780307342
this,16,3.57939914163,1.27519494879,57.2703862661,20.4031191806,0.0190140724655
num,52,1.09592641261,0.0916000444971,56.9881734557,4.76320231385,0.0189203763133
visit,1,55.6,4.01818320126,55.6,4.01818320126,0.0184594953519
therefor,1,55.6,4.01818320126,55.6,4.01818320126,0.0184594953519
fact,2,27.8,3.3250360207,55.6,6.6500720414,0.0184594953519
instead,1,55.6,4.01818320126,55.6,4.01818320126,0.0184594953519
yet,1,55.6,4.01818320126,55.6,4.01818320126,0.0184594953519
ice,1,55.6,4.01818320126,55.6,4.01818320126,0.0184594953519
week,1,55.6,4.01818320126,55.6,4.01818320126,0.0184594953519
becaus,5,11.12,2.40874528882,55.6,12.0437264441,0.0184594953519
book,4,13.6721311475,2.61535953819,54.68852459,10.4614381528,0.018156880674
built,2,26.9032258065,3.29224619787,53.806451613,6.58449239574,0.01786402776
without,2,26.9032258065,3.29224619787,53.806451613,6.58449239574,0.01786402776
wife,1,52.125,3.95364468012,52.125,3.95364468012,0.0173057768924
older,1,52.125,3.95364468012,52.125,3.95364468012,0.0173057768924
low,2,26.0625,3.26049749956,52.125,6.52099499912,0.0173057768924
generat,1,52.125,3.95364468012,52.125,3.95364468012,0.0173057768924
experi,1,52.125,3.95364468012,52.125,3.95364468012,0.0173057768924
futur,1,52.125,3.95364468012,52.125,3.95364468012,0.0173057768924
sound,1,52.125,3.95364468012,52.125,3.95364468012,0.0173057768924
hit,1,52.125,3.95364468012,52.125,3.95364468012,0.0173057768924
about,8,6.46511627907,1.866420998,51.7209302326,14.931367984,0.0171716235832
letter,1,49.0588235294,3.8930200583,49.0588235294,3.8930200583,0.0162877900164
destruct,1,49.0588235294,3.8930200583,49.0588235294,3.8930200583,0.0162877900164
real,1,49.0588235294,3.8930200583,49.0588235294,3.8930200583,0.0162877900164
peopl,11,4.4126984127,1.4844863873,48.5396825397,16.3293502603,0.0161154324501
had,9,5.38064516129,1.68280828544,48.4258064516,15.145274569,0.0160776249839
thought,2,23.8285714286,3.17088534087,47.6571428572,6.34177068174,0.0158224245874
ago,1,46.3333333333,3.83586164446,46.3333333333,3.83586164446,0.0153829127933
behind,1,46.3333333333,3.83586164446,46.3333333333,3.83586164446,0.0153829127933
month,1,46.3333333333,3.83586164446,46.3333333333,3.83586164446,0.0153829127933
ground,1,46.3333333333,3.83586164446,46.3333333333,3.83586164446,0.0153829127933
drive,1,46.3333333333,3.83586164446,46.3333333333,3.83586164446,0.0153829127933
charl,1,46.3333333333,3.83586164446,46.3333333333,3.83586164446,0.0153829127933
consequ,1,46.3333333333,3.83586164446,46.3333333333,3.83586164446,0.0153829127933
remain,4,11.5833333333,2.44956728334,46.3333333332,9.79826913336,0.0153829127932
even,3,15.1636363636,2.71890021713,45.4909090908,8.15670065139,0.0151032234697
that,25,1.81304347826,0.595006912876,45.3260869565,14.8751728219,0.0150485016456
head,2,22.5405405405,3.11531548971,45.081081081,6.23063097942,0.0149671583934
some,8,5.59731543624,1.72228709641,44.7785234899,13.7782967713,0.014866707666
day,3,14.8928571429,2.70088171162,44.6785714287,8.10264513486,0.0148335230507
one,20,2.224,0.799307376388,44.48,15.9861475278,0.0147675962815
right,2,21.9473684211,3.08864724263,43.8947368422,6.17729448526,0.0145732858042
lie,3,14.6315789474,2.68318213452,43.8947368422,8.04954640356,0.0145732858042
old,3,14.6315789474,2.68318213452,43.8947368422,8.04954640356,0.0145732858042
plan,1,43.8947368421,3.78179442319,43.8947368421,3.78179442319,0.0145732858042
earn,1,43.8947368421,3.78179442319,43.8947368421,3.78179442319,0.0145732858042
transform,1,43.8947368421,3.78179442319,43.8947368421,3.78179442319,0.0145732858042
but,12,3.65789473684,1.2968877734,43.8947368421,15.5626532808,0.0145732858041
where,4,10.6923076923,2.36952457567,42.7692307692,9.47809830268,0.0141996118092
were,11,3.87906976744,1.35559537423,42.6697674418,14.9115491165,0.0141665894561
taken,1,41.7,3.7305011288,41.7,3.7305011288,0.0138446215139
are,19,2.12213740458,0.752423790489,40.320610687,14.2960520193,0.0133866569346
rais,1,39.7142857143,3.68171096464,39.7142857143,3.68171096464,0.0131853538228
child,1,39.7142857143,3.68171096464,39.7142857143,3.68171096464,0.0131853538228
york,3,13.2380952381,2.58309867597,39.7142857143,7.74929602791,0.0131853538228
link,1,39.7142857143,3.68171096464,39.7142857143,3.68171096464,0.0131853538228
offic,2,19.8571428571,2.98856378408,39.7142857142,5.97712756816,0.0131853538228
set,3,13.03125,2.567350319,39.09375,7.702050957,0.0129793326693
person,3,12.6363636364,2.53657866033,37.9090909092,7.60973598099,0.0125860195582
small,3,12.6363636364,2.53657866033,37.9090909092,7.60973598099,0.0125860195582
travel,1,37.9090909091,3.635190949,37.9090909091,3.635190949,0.0125860195581
action,1,37.9090909091,3.635190949,37.9090909091,3.635190949,0.0125860195581
degre,1,37.9090909091,3.635190949,37.9090909091,3.635190949,0.0125860195581
critic,2,18.9545454545,2.94204376844,37.909090909,5.88408753688,0.0125860195581
start,2,18.9545454545,2.94204376844,37.909090909,5.88408753688,0.0125860195581
famous,2,18.5333333333,2.91957091259,37.0666666666,5.83914182518,0.0123063302346
colleg,1,36.2608695652,3.59073918643,36.2608695652,3.59073918643,0.0120388013165
credit,1,36.2608695652,3.59073918643,36.2608695652,3.59073918643,0.0120388013165
kill,1,36.2608695652,3.59073918643,36.2608695652,3.59073918643,0.0120388013165
would,2,18.1304347826,2.89759200587,36.2608695652,5.79518401174,0.0120388013165
earth,2,18.1304347826,2.89759200587,36.2608695652,5.79518401174,0.0120388013165
new,8,4.38947368421,1.4792093302,35.1157894737,11.8336746416,0.0116586286433
was,24,1.45804195804,0.377094410979,34.993006993,9.0502658635,0.0116178642075
final,1,34.75,3.54817957201,34.75,3.54817957201,0.011537184595
tribe,1,34.75,3.54817957201,34.75,3.54817957201,0.011537184595
problem,1,34.75,3.54817957201,34.75,3.54817957201,0.011537184595
return,1,34.75,3.54817957201,34.75,3.54817957201,0.011537184595
peac,1,34.75,3.54817957201,34.75,3.54817957201,0.011537184595
field,2,17.0204081633,2.83441310425,34.0408163266,5.6688262085,0.0113017318481
same,2,16.68,2.81421039693,33.36,5.62842079386,0.0110756972112
holi,1,33.36,3.50735757749,33.36,3.50735757749,0.0110756972112
court,1,33.36,3.50735757749,33.36,3.50735757749,0.0110756972112
health,1,33.36,3.50735757749,33.36,3.50735757749,0.0110756972112
beyond,1,33.36,3.50735757749,33.36,3.50735757749,0.0110756972112
make,4,7.8679245283,2.06279430825,31.4716981132,8.251177233,0.0104487709539
father,2,15.1636363636,2.71890021713,30.3272727272,5.43780043426,0.0100688156465
back,2,15.1636363636,2.71890021713,30.3272727272,5.43780043426,0.0100688156465
for,21,1.44290657439,0.366659533686,30.3010380622,7.69985020741,0.0100601055983
member,3,10.0481927711,2.30739279456,30.1445783133,6.92217838368,0.0100081601306
time,7,4.27692307692,1.45323384379,29.9384615384,10.1726369065,0.00993972826641
feder,2,14.8928571429,2.70088171162,29.7857142858,5.40176342324,0.00988901536713
star,1,29.7857142857,3.39402889218,29.7857142857,3.39402889218,0.0098890153671
grew,1,29.7857142857,3.39402889218,29.7857142857,3.39402889218,0.0098890153671
side,1,28.7586206897,3.35893757237,28.7586206897,3.35893757237,0.00954801483722
seen,1,28.7586206897,3.35893757237,28.7586206897,3.35893757237,0.00954801483722
becom,3,9.58620689655,2.2603252837,28.7586206896,6.7809758511,0.0095480148372
young,1,27.8,3.3250360207,27.8,3.3250360207,0.00922974767596
pronounc,1,27.8,3.3250360207,27.8,3.3250360207,0.00922974767596
men,1,27.8,3.3250360207,27.8,3.3250360207,0.00922974767596
from,19,1.45804195804,0.377094410979,27.7027972028,7.1647938086,0.00919747583093
may,5,5.48684210526,1.70235288151,27.4342105263,8.51176440755,0.00910830362759
possibl,1,26.9032258065,3.29224619787,26.9032258065,3.29224619787,0.00893201387998
onli,5,5.38064516129,1.68280828544,26.9032258065,8.4140414272,0.00893201387996
famili,2,13.4516129032,2.59909901731,26.9032258064,5.19819803462,0.00893201387995
church,1,26.0625,3.26049749956,26.0625,3.26049749956,0.00865288844622
consid,3,8.59793814433,2.15152242386,25.793814433,6.45456727158,0.00856368341069
ani,3,8.51020408163,2.14126592369,25.5306122449,6.42379777107,0.00847629888609
great,4,6.36641221374,1.85103607916,25.465648855,7.40414431664,0.00845473069554
oldest,1,25.2727272727,3.22972584089,25.2727272727,3.22972584089,0.00839067970541
hold,1,25.2727272727,3.22972584089,25.2727272727,3.22972584089,0.00839067970541
build,1,25.2727272727,3.22972584089,25.2727272727,3.22972584089,0.00839067970541
more,6,4.12871287129,1.41796570496,24.7722772277,8.50779422976,0.00822452763205
with,18,1.36497545008,0.311136443187,24.5695581014,5.60045597737,0.00815722380526
music,2,12.2647058824,2.50672569718,24.5294117648,5.01345139436,0.00814389500823
georg,1,24.5294117647,3.19987287774,24.5294117647,3.19987287774,0.0081438950082
writer,1,24.5294117647,3.19987287774,24.5294117647,3.19987287774,0.0081438950082
simpli,1,24.5294117647,3.19987287774,24.5294117647,3.19987287774,0.0081438950082
except,1,24.5294117647,3.19987287774,24.5294117647,3.19987287774,0.0081438950082
busi,1,24.5294117647,3.19987287774,24.5294117647,3.19987287774,0.0081438950082
profession,1,24.5294117647,3.19987287774,24.5294117647,3.19987287774,0.0081438950082
live,3,8.09708737864,2.09150441413,24.2912621359,6.27451324239,0.00806482806637
mother,1,23.8285714286,3.17088534087,23.8285714286,3.17088534087,0.00791121229369
receiv,1,23.1666666667,3.1427144639,23.1666666667,3.1427144639,0.00769145639665
half,1,23.1666666667,3.1427144639,23.1666666667,3.1427144639,0.00769145639665
death,2,11.5833333333,2.44956728334,23.1666666666,4.89913456668,0.00769145639661
well,4,5.71232876712,1.74262678065,22.8493150685,6.9705071226,0.00758609398024
today,2,11.4246575342,2.43577396121,22.8493150684,4.87154792242,0.00758609398021
releas,1,22.5405405405,3.11531548971,22.5405405405,3.11531548971,0.00748357919671
collect,1,21.9473684211,3.08864724263,21.9473684211,3.08864724263,0.00728664290209
howev,3,7.25217391304,1.981301274,21.7565217391,5.943903822,0.00722328078988
former,2,10.8311688312,2.38242798051,21.6623376624,4.76485596102,0.0071920111761
sinc,4,5.41558441558,1.68928079995,21.6623376623,6.7571231998,0.00719201117607
year,6,3.59482758621,1.27949603069,21.5689655173,7.67697618414,0.00716101112791
declar,1,21.3846153846,3.06267175623,21.3846153846,3.06267175623,0.00709980590458
black,1,21.3846153846,3.06267175623,21.3846153846,3.06267175623,0.00709980590458
given,1,20.85,3.03735394824,20.85,3.03735394824,0.00692231075697
write,1,20.85,3.03735394824,20.85,3.03735394824,0.00692231075697
appear,1,20.85,3.03735394824,20.85,3.03735394824,0.00692231075697
whose,1,20.85,3.03735394824,20.85,3.03735394824,0.00692231075697
last,2,10.425,2.34420676768,20.85,4.68841353536,0.00692231075697
both,4,5.1801242236,1.64482903737,20.7204968944,6.57931614948,0.00687931503798
gain,1,20.3414634146,3.01266133565,20.3414634146,3.01266133565,0.00675347390923
seat,1,20.3414634146,3.01266133565,20.3414634146,3.01266133565,0.00675347390923
african,1,20.3414634146,3.01266133565,20.3414634146,3.01266133565,0.00675347390923
either,1,20.3414634146,3.01266133565,20.3414634146,3.01266133565,0.00675347390923
veri,1,20.3414634146,3.01266133565,20.3414634146,3.01266133565,0.00675347390923
made,2,9.92857142857,2.29541660352,19.8571428571,4.59083320704,0.0065926769114
over,5,3.95260663507,1.37437526888,19.7630331753,6.8718763444,0.00656143199713
mile,1,19.3953488372,2.96503328667,19.3953488372,2.96503328667,0.00643935884369
effect,1,19.3953488372,2.96503328667,19.3953488372,2.96503328667,0.00643935884369
home,2,9.47727272727,2.24889658788,18.9545454545,4.49779317576,0.00629300977906
age,2,9.47727272727,2.24889658788,18.9545454545,4.49779317576,0.00629300977906
creat,2,9.47727272727,2.24889658788,18.9545454545,4.49779317576,0.00629300977906
six,1,18.9545454545,2.94204376844,18.9545454545,2.94204376844,0.00629300977905
much,2,9.37078651685,2.23759703263,18.7415730337,4.47519406526,0.00622230180402
end,2,9.26666666667,2.22642373203,18.5333333333,4.45284746406,0.00615316511731
came,1,18.1304347826,2.89759200587,18.1304347826,2.89759200587,0.00601940065823
claim,1,18.1304347826,2.89759200587,18.1304347826,2.89759200587,0.00601940065823
posit,1,18.1304347826,2.89759200587,18.1304347826,2.89759200587,0.00601940065823
town,1,18.1304347826,2.89759200587,18.1304347826,2.89759200587,0.00601940065823
figur,1,18.1304347826,2.89759200587,18.1304347826,2.89759200587,0.00601940065823
physic,1,18.1304347826,2.89759200587,18.1304347826,2.89759200587,0.00601940065823
befor,2,8.96774193548,2.19363390921,17.935483871,4.38726781842,0.00595467591997
greatest,1,17.7446808511,2.87608580065,17.7446808511,2.87608580065,0.00589132830382
short,1,17.7446808511,2.87608580065,17.7446808511,2.87608580065,0.00589132830382
act,1,17.7446808511,2.87608580065,17.7446808511,2.87608580065,0.00589132830382
law,1,17.7446808511,2.87608580065,17.7446808511,2.87608580065,0.00589132830382
point,1,17.375,2.85503239145,17.375,2.85503239145,0.00576859229748
than,4,4.32124352332,1.46354321345,17.2849740933,5.8541728538,0.00573870321822
power,2,8.59793814433,2.15152242386,17.1958762887,4.30304484772,0.00570912227379
practic,1,17.0204081633,2.83441310425,17.0204081633,2.83441310425,0.00565086592407
reach,1,17.0204081633,2.83441310425,17.0204081633,2.83441310425,0.00565086592407
mani,5,3.29644268775,1.19284391363,16.4822134388,5.96421956815,0.00547218241658
england,1,16.3529411765,2.79440776963,16.3529411765,2.79440776963,0.00542926333881
present,1,16.3529411765,2.79440776963,16.3529411765,2.79440776963,0.00542926333881
presid,1,16.0384615385,2.77498968378,16.0384615385,2.77498968378,0.00532485442845
especi,1,16.0384615385,2.77498968378,16.0384615385,2.77498968378,0.00532485442845
human,2,7.94285714286,2.0722730522,15.8857142857,4.1445461044,0.00527414152912
call,3,5.2125,1.65105958712,15.6375,4.95317876136,0.00519173306773
becam,3,5.1801242236,1.64482903737,15.5403726708,4.93448711211,0.00515948627849
until,2,7.58181818182,2.02575303657,15.1636363636,4.05150607314,0.00503440782325
into,4,3.75675675676,1.32355602049,15.027027027,5.29422408196,0.00498905279782
though,1,14.8928571429,2.70088171162,14.8928571429,2.70088171162,0.00494450768357
support,1,14.8928571429,2.70088171162,14.8928571429,2.70088171162,0.00494450768357
order,1,14.6315789474,2.68318213452,14.6315789474,2.68318213452,0.00485776193473
follow,2,7.06779661017,1.95554877789,14.1355932203,3.91109755578,0.00469309203863
see,2,7.06779661017,1.95554877789,14.1355932203,3.91109755578,0.00469309203863
own,1,14.1355932203,2.64869595845,14.1355932203,2.64869595845,0.00469309203861
author,1,13.6721311475,2.61535953819,13.6721311475,2.61535953819,0.00453922016849
two,3,4.50810810811,1.50587757728,13.5243243243,4.51763273184,0.00449014751804
chang,1,13.2380952381,2.58309867597,13.2380952381,2.58309867597,0.00439511794094
five,1,13.03125,2.567350319,13.03125,2.567350319,0.00432644422311
studi,1,12.6363636364,2.53657866033,12.6363636364,2.53657866033,0.00419533985272
lead,1,12.447761194,2.52154078297,12.447761194,2.52154078297,0.00413272283997
along,1,12.447761194,2.52154078297,12.447761194,2.52154078297,0.00413272283997
rule,1,12.447761194,2.52154078297,12.447761194,2.52154078297,0.00413272283997
after,4,3.10037174721,1.13152202276,12.4014869888,4.52608809104,0.00411735955805
found,2,6.08759124088,1.80625247653,12.1751824818,3.61250495306,0.00404222525955
against,1,12.0869565217,2.49212689776,12.0869565217,2.49212689776,0.00401293377214
been,4,3.0,1.09861228867,12.0,4.39444915468,0.00398406374502
date,1,11.7464788732,2.46355352532,11.7464788732,2.46355352532,0.0038998933842
common,2,5.79166666667,1.75642010278,11.5833333333,3.51284020556,0.00384572819832
while,2,5.71232876712,1.74262678065,11.4246575342,3.4852535613,0.00379304699012
control,1,11.4246575342,2.43577396121,11.4246575342,2.43577396121,0.00379304699011
sometim,1,11.2702702703,2.42216830915,11.2702702703,2.42216830915,0.00374178959837
long,1,10.6923076923,2.36952457567,10.6923076923,2.36952457567,0.00354990295229
place,1,10.6923076923,2.36952457567,10.6923076923,2.36952457567,0.00354990295229
other,4,2.59813084112,0.954792279229,10.3925233645,3.81916911692,0.00345037296297
differ,1,9.81176470588,2.28358214587,9.81176470588,2.28358214587,0.00325755800328
word,1,9.6976744186,2.27188610611,9.6976744186,2.27188610611,0.00321967942185
million,2,4.8488372093,1.57873892555,9.6976744186,3.1574778511,0.00321967942185
within,1,9.16483516484,2.21537389584,9.16483516484,2.21537389584,0.00304277395911
now,1,8.96774193548,2.19363390921,8.96774193548,2.19363390921,0.00297733795999
also,4,2.09022556391,0.737271985469,8.36090225564,2.94908794188,0.0027758639627
most,4,2.07980049875,0.732271975052,8.319201995,2.92908790021,0.00276201925465
high,1,8.25742574257,2.11111288552,8.25742574257,2.11111288552,0.00274150921068
group,1,8.09708737864,2.09150441413,8.09708737864,2.09150441413,0.00268827602212
around,1,8.09708737864,2.09150441413,8.09708737864,2.09150441413,0.00268827602212
number,1,7.8679245283,2.06279430825,7.8679245283,2.06279430825,0.00261219273848
larg,1,7.72222222222,2.04410217523,7.72222222222,2.04410217523,0.00256381879888
import,1,7.25217391304,1.981301274,7.25217391304,1.981301274,0.00240776026329
european,1,7.12820512821,1.96405946756,7.12820512821,1.96405946756,0.0023666019682
born,1,6.95,1.93874165958,6.95,1.93874165958,0.00230743691899
world,3,2.29752066116,0.831830568094,6.89256198348,2.49549170428,0.00228836719239
system,1,6.83606557377,1.92221235763,6.83606557377,1.92221235763,0.00226961008425
intern,1,6.78048780488,1.91404904699,6.78048780488,1.91404904699,0.00225115796975
later,1,6.672,1.89791966506,6.672,1.89791966506,0.00221513944223
mean,1,6.672,1.89791966506,6.672,1.89791966506,0.00221513944223
these,1,6.672,1.89791966506,6.672,1.89791966506,0.00221513944223
sever,1,6.61904761905,1.88995149541,6.61904761905,1.88995149541,0.00219755897047
earli,1,6.41538461538,1.8586989519,6.41538461538,1.8586989519,0.00212994177137
name,2,3.19540229885,1.16171299504,6.3908045977,2.32342599008,0.00212178107493
term,1,6.31818181818,1.84343147977,6.31818181818,1.84343147977,0.00209766992635
first,2,3.02173913043,1.10583253664,6.04347826086,2.21166507328,0.00200646688608
has,3,2.0,0.69314718056,6.0,2.07944154168,0.00199203187251
often,1,5.45098039216,1.69579548097,5.45098039216,1.69579548097,0.00180975444627
known,2,2.54268292683,0.933219793975,5.08536585366,1.86643958795,0.00168836847731
between,1,4.76571428571,1.56144742844,4.76571428571,1.56144742844,0.00158224245874
histori,1,4.21212121212,1.43796637166,4.21212121212,1.43796637166,0.00139844661757
countri,1,3.80821917808,1.33716167254,3.80821917808,1.33716167254,0.00126434899671
citi,1,3.62608695652,1.28815409344,3.62608695652,1.28815409344,0.00120388013165
which,1,1.86577181208,0.623674807745,1.86577181208,0.623674807745,0.000619446152749
